{
 "cells": [
  {
   "cell_type": "markdown",
   "id": "2337edc5",
   "metadata": {},
   "source": [
    "# Resolver problemas termodinámicos"
   ]
  },
  {
   "cell_type": "markdown",
   "id": "9f47dc23",
   "metadata": {},
   "source": [
    "# PROGRAMA"
   ]
  },
  {
   "cell_type": "code",
   "execution_count": 1,
   "id": "e7a8136a",
   "metadata": {},
   "outputs": [],
   "source": [
    "import pandas as pd\n",
    "import numpy as np\n",
    "import matplotlib.pyplot as plt\n",
    "#import pint\n",
    "import sympy\n",
    "sympy.init_printing()\n",
    "%matplotlib notebook\n",
    "\n",
    "#Se importan las librerias a usar"
   ]
  },
  {
   "cell_type": "code",
   "execution_count": 2,
   "id": "7e12d355",
   "metadata": {},
   "outputs": [],
   "source": [
    "#Se importa el archivo excel con las tablas termodinámicas\n",
    "tablasAire=pd.ExcelFile('TablasAire.xlsx')"
   ]
  },
  {
   "cell_type": "code",
   "execution_count": 3,
   "id": "b188062a",
   "metadata": {},
   "outputs": [
    {
     "data": {
      "text/html": [
       "<div>\n",
       "<style scoped>\n",
       "    .dataframe tbody tr th:only-of-type {\n",
       "        vertical-align: middle;\n",
       "    }\n",
       "\n",
       "    .dataframe tbody tr th {\n",
       "        vertical-align: top;\n",
       "    }\n",
       "\n",
       "    .dataframe thead th {\n",
       "        text-align: right;\n",
       "    }\n",
       "</style>\n",
       "<table border=\"1\" class=\"dataframe\">\n",
       "  <thead>\n",
       "    <tr style=\"text-align: right;\">\n",
       "      <th></th>\n",
       "      <th>Temperatura(K)</th>\n",
       "      <th>Cp(kJ/kmol*K)</th>\n",
       "      <th>h(kJ/kmol)</th>\n",
       "      <th>s(kJ/kmol*K)</th>\n",
       "      <th>Pr</th>\n",
       "    </tr>\n",
       "  </thead>\n",
       "  <tbody>\n",
       "    <tr>\n",
       "      <th>0</th>\n",
       "      <td>210</td>\n",
       "      <td>29.145</td>\n",
       "      <td>-2683.3</td>\n",
       "      <td>183.799</td>\n",
       "      <td>0.3987</td>\n",
       "    </tr>\n",
       "    <tr>\n",
       "      <th>1</th>\n",
       "      <td>220</td>\n",
       "      <td>29.125</td>\n",
       "      <td>-2391.9</td>\n",
       "      <td>185.155</td>\n",
       "      <td>0.4693</td>\n",
       "    </tr>\n",
       "    <tr>\n",
       "      <th>2</th>\n",
       "      <td>230</td>\n",
       "      <td>29.110</td>\n",
       "      <td>-2100.7</td>\n",
       "      <td>186.449</td>\n",
       "      <td>0.5483</td>\n",
       "    </tr>\n",
       "    <tr>\n",
       "      <th>3</th>\n",
       "      <td>240</td>\n",
       "      <td>29.099</td>\n",
       "      <td>-1809.7</td>\n",
       "      <td>187.688</td>\n",
       "      <td>0.6364</td>\n",
       "    </tr>\n",
       "    <tr>\n",
       "      <th>4</th>\n",
       "      <td>250</td>\n",
       "      <td>29.091</td>\n",
       "      <td>-1518.7</td>\n",
       "      <td>188.875</td>\n",
       "      <td>0.7342</td>\n",
       "    </tr>\n",
       "    <tr>\n",
       "      <th>...</th>\n",
       "      <td>...</td>\n",
       "      <td>...</td>\n",
       "      <td>...</td>\n",
       "      <td>...</td>\n",
       "      <td>...</td>\n",
       "    </tr>\n",
       "    <tr>\n",
       "      <th>240</th>\n",
       "      <td>2610</td>\n",
       "      <td>37.101</td>\n",
       "      <td>78853.5</td>\n",
       "      <td>264.693</td>\n",
       "      <td>6699.0000</td>\n",
       "    </tr>\n",
       "    <tr>\n",
       "      <th>241</th>\n",
       "      <td>2620</td>\n",
       "      <td>37.111</td>\n",
       "      <td>79222.5</td>\n",
       "      <td>264.833</td>\n",
       "      <td>6814.0000</td>\n",
       "    </tr>\n",
       "    <tr>\n",
       "      <th>242</th>\n",
       "      <td>2630</td>\n",
       "      <td>37.122</td>\n",
       "      <td>79593.7</td>\n",
       "      <td>264.974</td>\n",
       "      <td>6931.0000</td>\n",
       "    </tr>\n",
       "    <tr>\n",
       "      <th>243</th>\n",
       "      <td>2640</td>\n",
       "      <td>37.132</td>\n",
       "      <td>79965.0</td>\n",
       "      <td>265.115</td>\n",
       "      <td>7049.0000</td>\n",
       "    </tr>\n",
       "    <tr>\n",
       "      <th>244</th>\n",
       "      <td>2650</td>\n",
       "      <td>37.342</td>\n",
       "      <td>80336.4</td>\n",
       "      <td>265.256</td>\n",
       "      <td>7169.0000</td>\n",
       "    </tr>\n",
       "  </tbody>\n",
       "</table>\n",
       "<p>245 rows × 5 columns</p>\n",
       "</div>"
      ],
      "text/plain": [
       "     Temperatura(K)  Cp(kJ/kmol*K)  h(kJ/kmol)  s(kJ/kmol*K)         Pr\n",
       "0               210         29.145     -2683.3       183.799     0.3987\n",
       "1               220         29.125     -2391.9       185.155     0.4693\n",
       "2               230         29.110     -2100.7       186.449     0.5483\n",
       "3               240         29.099     -1809.7       187.688     0.6364\n",
       "4               250         29.091     -1518.7       188.875     0.7342\n",
       "..              ...            ...         ...           ...        ...\n",
       "240            2610         37.101     78853.5       264.693  6699.0000\n",
       "241            2620         37.111     79222.5       264.833  6814.0000\n",
       "242            2630         37.122     79593.7       264.974  6931.0000\n",
       "243            2640         37.132     79965.0       265.115  7049.0000\n",
       "244            2650         37.342     80336.4       265.256  7169.0000\n",
       "\n",
       "[245 rows x 5 columns]"
      ]
     },
     "execution_count": 3,
     "metadata": {},
     "output_type": "execute_result"
    }
   ],
   "source": [
    "aireSI=pd.read_excel(tablasAire,sheet_name=0)\n",
    "aireSI\n",
    "#Index_col=0 hace que la tabla tenga de index a la columna Temperatura(K)"
   ]
  },
  {
   "cell_type": "code",
   "execution_count": 4,
   "id": "4348369a",
   "metadata": {},
   "outputs": [
    {
     "data": {
      "text/html": [
       "<div>\n",
       "<style scoped>\n",
       "    .dataframe tbody tr th:only-of-type {\n",
       "        vertical-align: middle;\n",
       "    }\n",
       "\n",
       "    .dataframe tbody tr th {\n",
       "        vertical-align: top;\n",
       "    }\n",
       "\n",
       "    .dataframe thead th {\n",
       "        text-align: right;\n",
       "    }\n",
       "</style>\n",
       "<table border=\"1\" class=\"dataframe\">\n",
       "  <thead>\n",
       "    <tr style=\"text-align: right;\">\n",
       "      <th></th>\n",
       "      <th>Temperatura(R)</th>\n",
       "      <th>Cp(Btu/mol*R)</th>\n",
       "      <th>h(Btu/mol)</th>\n",
       "      <th>s(Btu/mol*R)</th>\n",
       "      <th>Pr</th>\n",
       "    </tr>\n",
       "  </thead>\n",
       "  <tbody>\n",
       "    <tr>\n",
       "      <th>0</th>\n",
       "      <td>390</td>\n",
       "      <td>6.963</td>\n",
       "      <td>-1070.8</td>\n",
       "      <td>44.147</td>\n",
       "      <td>0.4449</td>\n",
       "    </tr>\n",
       "    <tr>\n",
       "      <th>1</th>\n",
       "      <td>400</td>\n",
       "      <td>6.960</td>\n",
       "      <td>-1001.2</td>\n",
       "      <td>44.323</td>\n",
       "      <td>0.4861</td>\n",
       "    </tr>\n",
       "    <tr>\n",
       "      <th>2</th>\n",
       "      <td>410</td>\n",
       "      <td>6.958</td>\n",
       "      <td>-931.6</td>\n",
       "      <td>44.495</td>\n",
       "      <td>0.5300</td>\n",
       "    </tr>\n",
       "    <tr>\n",
       "      <th>3</th>\n",
       "      <td>420</td>\n",
       "      <td>6.956</td>\n",
       "      <td>-862.0</td>\n",
       "      <td>44.663</td>\n",
       "      <td>0.5767</td>\n",
       "    </tr>\n",
       "    <tr>\n",
       "      <th>4</th>\n",
       "      <td>430</td>\n",
       "      <td>6.955</td>\n",
       "      <td>-792.5</td>\n",
       "      <td>44.826</td>\n",
       "      <td>0.6262</td>\n",
       "    </tr>\n",
       "    <tr>\n",
       "      <th>...</th>\n",
       "      <td>...</td>\n",
       "      <td>...</td>\n",
       "      <td>...</td>\n",
       "      <td>...</td>\n",
       "      <td>...</td>\n",
       "    </tr>\n",
       "    <tr>\n",
       "      <th>237</th>\n",
       "      <td>4820</td>\n",
       "      <td>8.884</td>\n",
       "      <td>35005.6</td>\n",
       "      <td>63.490</td>\n",
       "      <td>7511.0000</td>\n",
       "    </tr>\n",
       "    <tr>\n",
       "      <th>238</th>\n",
       "      <td>4840</td>\n",
       "      <td>8.887</td>\n",
       "      <td>35183.4</td>\n",
       "      <td>63.527</td>\n",
       "      <td>7652.0000</td>\n",
       "    </tr>\n",
       "    <tr>\n",
       "      <th>239</th>\n",
       "      <td>4860</td>\n",
       "      <td>8.889</td>\n",
       "      <td>35361.1</td>\n",
       "      <td>63.564</td>\n",
       "      <td>7794.0000</td>\n",
       "    </tr>\n",
       "    <tr>\n",
       "      <th>240</th>\n",
       "      <td>4880</td>\n",
       "      <td>8.892</td>\n",
       "      <td>35538.9</td>\n",
       "      <td>63.600</td>\n",
       "      <td>7939.0000</td>\n",
       "    </tr>\n",
       "    <tr>\n",
       "      <th>241</th>\n",
       "      <td>4900</td>\n",
       "      <td>8.895</td>\n",
       "      <td>35716.8</td>\n",
       "      <td>63.637</td>\n",
       "      <td>8085.0000</td>\n",
       "    </tr>\n",
       "  </tbody>\n",
       "</table>\n",
       "<p>242 rows × 5 columns</p>\n",
       "</div>"
      ],
      "text/plain": [
       "     Temperatura(R)  Cp(Btu/mol*R)  h(Btu/mol)  s(Btu/mol*R)         Pr\n",
       "0               390          6.963     -1070.8        44.147     0.4449\n",
       "1               400          6.960     -1001.2        44.323     0.4861\n",
       "2               410          6.958      -931.6        44.495     0.5300\n",
       "3               420          6.956      -862.0        44.663     0.5767\n",
       "4               430          6.955      -792.5        44.826     0.6262\n",
       "..              ...            ...         ...           ...        ...\n",
       "237            4820          8.884     35005.6        63.490  7511.0000\n",
       "238            4840          8.887     35183.4        63.527  7652.0000\n",
       "239            4860          8.889     35361.1        63.564  7794.0000\n",
       "240            4880          8.892     35538.9        63.600  7939.0000\n",
       "241            4900          8.895     35716.8        63.637  8085.0000\n",
       "\n",
       "[242 rows x 5 columns]"
      ]
     },
     "execution_count": 4,
     "metadata": {},
     "output_type": "execute_result"
    }
   ],
   "source": [
    "aireING=pd.read_excel(tablasAire,sheet_name=1)\n",
    "aireING"
   ]
  },
  {
   "cell_type": "code",
   "execution_count": 5,
   "id": "bc2e75a1",
   "metadata": {
    "scrolled": true
   },
   "outputs": [
    {
     "data": {
      "text/html": [
       "<div>\n",
       "<style scoped>\n",
       "    .dataframe tbody tr th:only-of-type {\n",
       "        vertical-align: middle;\n",
       "    }\n",
       "\n",
       "    .dataframe tbody tr th {\n",
       "        vertical-align: top;\n",
       "    }\n",
       "\n",
       "    .dataframe thead th {\n",
       "        text-align: right;\n",
       "    }\n",
       "</style>\n",
       "<table border=\"1\" class=\"dataframe\">\n",
       "  <thead>\n",
       "    <tr style=\"text-align: right;\">\n",
       "      <th></th>\n",
       "      <th>Cp(Btu/mol*R)</th>\n",
       "      <th>h(Btu/mol)</th>\n",
       "      <th>s(Btu/mol*R)</th>\n",
       "      <th>Pr</th>\n",
       "    </tr>\n",
       "    <tr>\n",
       "      <th>Temperatura(R)</th>\n",
       "      <th></th>\n",
       "      <th></th>\n",
       "      <th></th>\n",
       "      <th></th>\n",
       "    </tr>\n",
       "  </thead>\n",
       "  <tbody>\n",
       "    <tr>\n",
       "      <th>390</th>\n",
       "      <td>6.963</td>\n",
       "      <td>-1070.8</td>\n",
       "      <td>44.147</td>\n",
       "      <td>0.4449</td>\n",
       "    </tr>\n",
       "    <tr>\n",
       "      <th>400</th>\n",
       "      <td>6.960</td>\n",
       "      <td>-1001.2</td>\n",
       "      <td>44.323</td>\n",
       "      <td>0.4861</td>\n",
       "    </tr>\n",
       "    <tr>\n",
       "      <th>410</th>\n",
       "      <td>6.958</td>\n",
       "      <td>-931.6</td>\n",
       "      <td>44.495</td>\n",
       "      <td>0.5300</td>\n",
       "    </tr>\n",
       "    <tr>\n",
       "      <th>420</th>\n",
       "      <td>6.956</td>\n",
       "      <td>-862.0</td>\n",
       "      <td>44.663</td>\n",
       "      <td>0.5767</td>\n",
       "    </tr>\n",
       "    <tr>\n",
       "      <th>430</th>\n",
       "      <td>6.955</td>\n",
       "      <td>-792.5</td>\n",
       "      <td>44.826</td>\n",
       "      <td>0.6262</td>\n",
       "    </tr>\n",
       "    <tr>\n",
       "      <th>...</th>\n",
       "      <td>...</td>\n",
       "      <td>...</td>\n",
       "      <td>...</td>\n",
       "      <td>...</td>\n",
       "    </tr>\n",
       "    <tr>\n",
       "      <th>4820</th>\n",
       "      <td>8.884</td>\n",
       "      <td>35005.6</td>\n",
       "      <td>63.490</td>\n",
       "      <td>7511.0000</td>\n",
       "    </tr>\n",
       "    <tr>\n",
       "      <th>4840</th>\n",
       "      <td>8.887</td>\n",
       "      <td>35183.4</td>\n",
       "      <td>63.527</td>\n",
       "      <td>7652.0000</td>\n",
       "    </tr>\n",
       "    <tr>\n",
       "      <th>4860</th>\n",
       "      <td>8.889</td>\n",
       "      <td>35361.1</td>\n",
       "      <td>63.564</td>\n",
       "      <td>7794.0000</td>\n",
       "    </tr>\n",
       "    <tr>\n",
       "      <th>4880</th>\n",
       "      <td>8.892</td>\n",
       "      <td>35538.9</td>\n",
       "      <td>63.600</td>\n",
       "      <td>7939.0000</td>\n",
       "    </tr>\n",
       "    <tr>\n",
       "      <th>4900</th>\n",
       "      <td>8.895</td>\n",
       "      <td>35716.8</td>\n",
       "      <td>63.637</td>\n",
       "      <td>8085.0000</td>\n",
       "    </tr>\n",
       "  </tbody>\n",
       "</table>\n",
       "<p>242 rows × 4 columns</p>\n",
       "</div>"
      ],
      "text/plain": [
       "                Cp(Btu/mol*R)  h(Btu/mol)  s(Btu/mol*R)         Pr\n",
       "Temperatura(R)                                                    \n",
       "390                     6.963     -1070.8        44.147     0.4449\n",
       "400                     6.960     -1001.2        44.323     0.4861\n",
       "410                     6.958      -931.6        44.495     0.5300\n",
       "420                     6.956      -862.0        44.663     0.5767\n",
       "430                     6.955      -792.5        44.826     0.6262\n",
       "...                       ...         ...           ...        ...\n",
       "4820                    8.884     35005.6        63.490  7511.0000\n",
       "4840                    8.887     35183.4        63.527  7652.0000\n",
       "4860                    8.889     35361.1        63.564  7794.0000\n",
       "4880                    8.892     35538.9        63.600  7939.0000\n",
       "4900                    8.895     35716.8        63.637  8085.0000\n",
       "\n",
       "[242 rows x 4 columns]"
      ]
     },
     "execution_count": 5,
     "metadata": {},
     "output_type": "execute_result"
    }
   ],
   "source": [
    "#Cambiar la columna indice ahora a temperatura\n",
    "aireINGt=aireING.set_index('Temperatura(R)')\n",
    "aireSIt=aireSI.set_index('Temperatura(K)')\n",
    "aireINGt"
   ]
  },
  {
   "cell_type": "code",
   "execution_count": 6,
   "id": "c638dbf3",
   "metadata": {},
   "outputs": [
    {
     "data": {
      "text/html": [
       "<div>\n",
       "<style scoped>\n",
       "    .dataframe tbody tr th:only-of-type {\n",
       "        vertical-align: middle;\n",
       "    }\n",
       "\n",
       "    .dataframe tbody tr th {\n",
       "        vertical-align: top;\n",
       "    }\n",
       "\n",
       "    .dataframe thead th {\n",
       "        text-align: right;\n",
       "    }\n",
       "</style>\n",
       "<table border=\"1\" class=\"dataframe\">\n",
       "  <thead>\n",
       "    <tr style=\"text-align: right;\">\n",
       "      <th></th>\n",
       "      <th>Temperatura(R)</th>\n",
       "      <th>h(Btu/mol)</th>\n",
       "      <th>s(Btu/mol*R)</th>\n",
       "      <th>Pr</th>\n",
       "    </tr>\n",
       "    <tr>\n",
       "      <th>Cp(Btu/mol*R)</th>\n",
       "      <th></th>\n",
       "      <th></th>\n",
       "      <th></th>\n",
       "      <th></th>\n",
       "    </tr>\n",
       "  </thead>\n",
       "  <tbody>\n",
       "    <tr>\n",
       "      <th>6.963</th>\n",
       "      <td>390</td>\n",
       "      <td>-1070.8</td>\n",
       "      <td>44.147</td>\n",
       "      <td>0.4449</td>\n",
       "    </tr>\n",
       "    <tr>\n",
       "      <th>6.960</th>\n",
       "      <td>400</td>\n",
       "      <td>-1001.2</td>\n",
       "      <td>44.323</td>\n",
       "      <td>0.4861</td>\n",
       "    </tr>\n",
       "    <tr>\n",
       "      <th>6.958</th>\n",
       "      <td>410</td>\n",
       "      <td>-931.6</td>\n",
       "      <td>44.495</td>\n",
       "      <td>0.5300</td>\n",
       "    </tr>\n",
       "    <tr>\n",
       "      <th>6.956</th>\n",
       "      <td>420</td>\n",
       "      <td>-862.0</td>\n",
       "      <td>44.663</td>\n",
       "      <td>0.5767</td>\n",
       "    </tr>\n",
       "    <tr>\n",
       "      <th>6.955</th>\n",
       "      <td>430</td>\n",
       "      <td>-792.5</td>\n",
       "      <td>44.826</td>\n",
       "      <td>0.6262</td>\n",
       "    </tr>\n",
       "    <tr>\n",
       "      <th>...</th>\n",
       "      <td>...</td>\n",
       "      <td>...</td>\n",
       "      <td>...</td>\n",
       "      <td>...</td>\n",
       "    </tr>\n",
       "    <tr>\n",
       "      <th>8.884</th>\n",
       "      <td>4820</td>\n",
       "      <td>35005.6</td>\n",
       "      <td>63.490</td>\n",
       "      <td>7511.0000</td>\n",
       "    </tr>\n",
       "    <tr>\n",
       "      <th>8.887</th>\n",
       "      <td>4840</td>\n",
       "      <td>35183.4</td>\n",
       "      <td>63.527</td>\n",
       "      <td>7652.0000</td>\n",
       "    </tr>\n",
       "    <tr>\n",
       "      <th>8.889</th>\n",
       "      <td>4860</td>\n",
       "      <td>35361.1</td>\n",
       "      <td>63.564</td>\n",
       "      <td>7794.0000</td>\n",
       "    </tr>\n",
       "    <tr>\n",
       "      <th>8.892</th>\n",
       "      <td>4880</td>\n",
       "      <td>35538.9</td>\n",
       "      <td>63.600</td>\n",
       "      <td>7939.0000</td>\n",
       "    </tr>\n",
       "    <tr>\n",
       "      <th>8.895</th>\n",
       "      <td>4900</td>\n",
       "      <td>35716.8</td>\n",
       "      <td>63.637</td>\n",
       "      <td>8085.0000</td>\n",
       "    </tr>\n",
       "  </tbody>\n",
       "</table>\n",
       "<p>242 rows × 4 columns</p>\n",
       "</div>"
      ],
      "text/plain": [
       "               Temperatura(R)  h(Btu/mol)  s(Btu/mol*R)         Pr\n",
       "Cp(Btu/mol*R)                                                     \n",
       "6.963                     390     -1070.8        44.147     0.4449\n",
       "6.960                     400     -1001.2        44.323     0.4861\n",
       "6.958                     410      -931.6        44.495     0.5300\n",
       "6.956                     420      -862.0        44.663     0.5767\n",
       "6.955                     430      -792.5        44.826     0.6262\n",
       "...                       ...         ...           ...        ...\n",
       "8.884                    4820     35005.6        63.490  7511.0000\n",
       "8.887                    4840     35183.4        63.527  7652.0000\n",
       "8.889                    4860     35361.1        63.564  7794.0000\n",
       "8.892                    4880     35538.9        63.600  7939.0000\n",
       "8.895                    4900     35716.8        63.637  8085.0000\n",
       "\n",
       "[242 rows x 4 columns]"
      ]
     },
     "execution_count": 6,
     "metadata": {},
     "output_type": "execute_result"
    }
   ],
   "source": [
    "#Cambiar la columna indice ahora a Cp\n",
    "aireINGcp=aireING.set_index('Cp(Btu/mol*R)')\n",
    "aireSIcp=aireSI.set_index('Cp(kJ/kmol*K)')\n",
    "aireINGcp"
   ]
  },
  {
   "cell_type": "code",
   "execution_count": 7,
   "id": "2e240eab",
   "metadata": {},
   "outputs": [
    {
     "data": {
      "text/html": [
       "<div>\n",
       "<style scoped>\n",
       "    .dataframe tbody tr th:only-of-type {\n",
       "        vertical-align: middle;\n",
       "    }\n",
       "\n",
       "    .dataframe tbody tr th {\n",
       "        vertical-align: top;\n",
       "    }\n",
       "\n",
       "    .dataframe thead th {\n",
       "        text-align: right;\n",
       "    }\n",
       "</style>\n",
       "<table border=\"1\" class=\"dataframe\">\n",
       "  <thead>\n",
       "    <tr style=\"text-align: right;\">\n",
       "      <th></th>\n",
       "      <th>Temperatura(R)</th>\n",
       "      <th>Cp(Btu/mol*R)</th>\n",
       "      <th>s(Btu/mol*R)</th>\n",
       "      <th>Pr</th>\n",
       "    </tr>\n",
       "    <tr>\n",
       "      <th>h(Btu/mol)</th>\n",
       "      <th></th>\n",
       "      <th></th>\n",
       "      <th></th>\n",
       "      <th></th>\n",
       "    </tr>\n",
       "  </thead>\n",
       "  <tbody>\n",
       "    <tr>\n",
       "      <th>-1070.8</th>\n",
       "      <td>390</td>\n",
       "      <td>6.963</td>\n",
       "      <td>44.147</td>\n",
       "      <td>0.4449</td>\n",
       "    </tr>\n",
       "    <tr>\n",
       "      <th>-1001.2</th>\n",
       "      <td>400</td>\n",
       "      <td>6.960</td>\n",
       "      <td>44.323</td>\n",
       "      <td>0.4861</td>\n",
       "    </tr>\n",
       "    <tr>\n",
       "      <th>-931.6</th>\n",
       "      <td>410</td>\n",
       "      <td>6.958</td>\n",
       "      <td>44.495</td>\n",
       "      <td>0.5300</td>\n",
       "    </tr>\n",
       "    <tr>\n",
       "      <th>-862.0</th>\n",
       "      <td>420</td>\n",
       "      <td>6.956</td>\n",
       "      <td>44.663</td>\n",
       "      <td>0.5767</td>\n",
       "    </tr>\n",
       "    <tr>\n",
       "      <th>-792.5</th>\n",
       "      <td>430</td>\n",
       "      <td>6.955</td>\n",
       "      <td>44.826</td>\n",
       "      <td>0.6262</td>\n",
       "    </tr>\n",
       "    <tr>\n",
       "      <th>...</th>\n",
       "      <td>...</td>\n",
       "      <td>...</td>\n",
       "      <td>...</td>\n",
       "      <td>...</td>\n",
       "    </tr>\n",
       "    <tr>\n",
       "      <th>35005.6</th>\n",
       "      <td>4820</td>\n",
       "      <td>8.884</td>\n",
       "      <td>63.490</td>\n",
       "      <td>7511.0000</td>\n",
       "    </tr>\n",
       "    <tr>\n",
       "      <th>35183.4</th>\n",
       "      <td>4840</td>\n",
       "      <td>8.887</td>\n",
       "      <td>63.527</td>\n",
       "      <td>7652.0000</td>\n",
       "    </tr>\n",
       "    <tr>\n",
       "      <th>35361.1</th>\n",
       "      <td>4860</td>\n",
       "      <td>8.889</td>\n",
       "      <td>63.564</td>\n",
       "      <td>7794.0000</td>\n",
       "    </tr>\n",
       "    <tr>\n",
       "      <th>35538.9</th>\n",
       "      <td>4880</td>\n",
       "      <td>8.892</td>\n",
       "      <td>63.600</td>\n",
       "      <td>7939.0000</td>\n",
       "    </tr>\n",
       "    <tr>\n",
       "      <th>35716.8</th>\n",
       "      <td>4900</td>\n",
       "      <td>8.895</td>\n",
       "      <td>63.637</td>\n",
       "      <td>8085.0000</td>\n",
       "    </tr>\n",
       "  </tbody>\n",
       "</table>\n",
       "<p>242 rows × 4 columns</p>\n",
       "</div>"
      ],
      "text/plain": [
       "            Temperatura(R)  Cp(Btu/mol*R)  s(Btu/mol*R)         Pr\n",
       "h(Btu/mol)                                                        \n",
       "-1070.8                390          6.963        44.147     0.4449\n",
       "-1001.2                400          6.960        44.323     0.4861\n",
       "-931.6                 410          6.958        44.495     0.5300\n",
       "-862.0                 420          6.956        44.663     0.5767\n",
       "-792.5                 430          6.955        44.826     0.6262\n",
       "...                    ...            ...           ...        ...\n",
       " 35005.6              4820          8.884        63.490  7511.0000\n",
       " 35183.4              4840          8.887        63.527  7652.0000\n",
       " 35361.1              4860          8.889        63.564  7794.0000\n",
       " 35538.9              4880          8.892        63.600  7939.0000\n",
       " 35716.8              4900          8.895        63.637  8085.0000\n",
       "\n",
       "[242 rows x 4 columns]"
      ]
     },
     "execution_count": 7,
     "metadata": {},
     "output_type": "execute_result"
    }
   ],
   "source": [
    "#Cambiar la columna indice ahora a h\n",
    "aireINGh=aireING.set_index('h(Btu/mol)')\n",
    "aireSIh=aireSI.set_index('h(kJ/kmol)')\n",
    "aireINGh"
   ]
  },
  {
   "cell_type": "code",
   "execution_count": 8,
   "id": "3ba5eefd",
   "metadata": {},
   "outputs": [
    {
     "data": {
      "text/html": [
       "<div>\n",
       "<style scoped>\n",
       "    .dataframe tbody tr th:only-of-type {\n",
       "        vertical-align: middle;\n",
       "    }\n",
       "\n",
       "    .dataframe tbody tr th {\n",
       "        vertical-align: top;\n",
       "    }\n",
       "\n",
       "    .dataframe thead th {\n",
       "        text-align: right;\n",
       "    }\n",
       "</style>\n",
       "<table border=\"1\" class=\"dataframe\">\n",
       "  <thead>\n",
       "    <tr style=\"text-align: right;\">\n",
       "      <th></th>\n",
       "      <th>Temperatura(K)</th>\n",
       "      <th>Cp(kJ/kmol*K)</th>\n",
       "      <th>h(kJ/kmol)</th>\n",
       "      <th>Pr</th>\n",
       "    </tr>\n",
       "    <tr>\n",
       "      <th>s(kJ/kmol*K)</th>\n",
       "      <th></th>\n",
       "      <th></th>\n",
       "      <th></th>\n",
       "      <th></th>\n",
       "    </tr>\n",
       "  </thead>\n",
       "  <tbody>\n",
       "    <tr>\n",
       "      <th>183.799</th>\n",
       "      <td>210</td>\n",
       "      <td>29.145</td>\n",
       "      <td>-2683.3</td>\n",
       "      <td>0.3987</td>\n",
       "    </tr>\n",
       "    <tr>\n",
       "      <th>185.155</th>\n",
       "      <td>220</td>\n",
       "      <td>29.125</td>\n",
       "      <td>-2391.9</td>\n",
       "      <td>0.4693</td>\n",
       "    </tr>\n",
       "    <tr>\n",
       "      <th>186.449</th>\n",
       "      <td>230</td>\n",
       "      <td>29.110</td>\n",
       "      <td>-2100.7</td>\n",
       "      <td>0.5483</td>\n",
       "    </tr>\n",
       "    <tr>\n",
       "      <th>187.688</th>\n",
       "      <td>240</td>\n",
       "      <td>29.099</td>\n",
       "      <td>-1809.7</td>\n",
       "      <td>0.6364</td>\n",
       "    </tr>\n",
       "    <tr>\n",
       "      <th>188.875</th>\n",
       "      <td>250</td>\n",
       "      <td>29.091</td>\n",
       "      <td>-1518.7</td>\n",
       "      <td>0.7342</td>\n",
       "    </tr>\n",
       "    <tr>\n",
       "      <th>...</th>\n",
       "      <td>...</td>\n",
       "      <td>...</td>\n",
       "      <td>...</td>\n",
       "      <td>...</td>\n",
       "    </tr>\n",
       "    <tr>\n",
       "      <th>264.693</th>\n",
       "      <td>2610</td>\n",
       "      <td>37.101</td>\n",
       "      <td>78853.5</td>\n",
       "      <td>6699.0000</td>\n",
       "    </tr>\n",
       "    <tr>\n",
       "      <th>264.833</th>\n",
       "      <td>2620</td>\n",
       "      <td>37.111</td>\n",
       "      <td>79222.5</td>\n",
       "      <td>6814.0000</td>\n",
       "    </tr>\n",
       "    <tr>\n",
       "      <th>264.974</th>\n",
       "      <td>2630</td>\n",
       "      <td>37.122</td>\n",
       "      <td>79593.7</td>\n",
       "      <td>6931.0000</td>\n",
       "    </tr>\n",
       "    <tr>\n",
       "      <th>265.115</th>\n",
       "      <td>2640</td>\n",
       "      <td>37.132</td>\n",
       "      <td>79965.0</td>\n",
       "      <td>7049.0000</td>\n",
       "    </tr>\n",
       "    <tr>\n",
       "      <th>265.256</th>\n",
       "      <td>2650</td>\n",
       "      <td>37.342</td>\n",
       "      <td>80336.4</td>\n",
       "      <td>7169.0000</td>\n",
       "    </tr>\n",
       "  </tbody>\n",
       "</table>\n",
       "<p>245 rows × 4 columns</p>\n",
       "</div>"
      ],
      "text/plain": [
       "              Temperatura(K)  Cp(kJ/kmol*K)  h(kJ/kmol)         Pr\n",
       "s(kJ/kmol*K)                                                      \n",
       "183.799                  210         29.145     -2683.3     0.3987\n",
       "185.155                  220         29.125     -2391.9     0.4693\n",
       "186.449                  230         29.110     -2100.7     0.5483\n",
       "187.688                  240         29.099     -1809.7     0.6364\n",
       "188.875                  250         29.091     -1518.7     0.7342\n",
       "...                      ...            ...         ...        ...\n",
       "264.693                 2610         37.101     78853.5  6699.0000\n",
       "264.833                 2620         37.111     79222.5  6814.0000\n",
       "264.974                 2630         37.122     79593.7  6931.0000\n",
       "265.115                 2640         37.132     79965.0  7049.0000\n",
       "265.256                 2650         37.342     80336.4  7169.0000\n",
       "\n",
       "[245 rows x 4 columns]"
      ]
     },
     "execution_count": 8,
     "metadata": {},
     "output_type": "execute_result"
    }
   ],
   "source": [
    "#Cambiar la columna indice ahora a s\n",
    "aireINGs=aireING.set_index('s(Btu/mol*R)')\n",
    "aireSIs=aireSI.set_index('s(kJ/kmol*K)')\n",
    "aireSIs"
   ]
  },
  {
   "cell_type": "code",
   "execution_count": 9,
   "id": "2c01fdc3",
   "metadata": {},
   "outputs": [
    {
     "data": {
      "text/html": [
       "<div>\n",
       "<style scoped>\n",
       "    .dataframe tbody tr th:only-of-type {\n",
       "        vertical-align: middle;\n",
       "    }\n",
       "\n",
       "    .dataframe tbody tr th {\n",
       "        vertical-align: top;\n",
       "    }\n",
       "\n",
       "    .dataframe thead th {\n",
       "        text-align: right;\n",
       "    }\n",
       "</style>\n",
       "<table border=\"1\" class=\"dataframe\">\n",
       "  <thead>\n",
       "    <tr style=\"text-align: right;\">\n",
       "      <th></th>\n",
       "      <th>Temperatura(R)</th>\n",
       "      <th>Cp(Btu/mol*R)</th>\n",
       "      <th>h(Btu/mol)</th>\n",
       "      <th>s(Btu/mol*R)</th>\n",
       "    </tr>\n",
       "    <tr>\n",
       "      <th>Pr</th>\n",
       "      <th></th>\n",
       "      <th></th>\n",
       "      <th></th>\n",
       "      <th></th>\n",
       "    </tr>\n",
       "  </thead>\n",
       "  <tbody>\n",
       "    <tr>\n",
       "      <th>0.4449</th>\n",
       "      <td>390</td>\n",
       "      <td>6.963</td>\n",
       "      <td>-1070.8</td>\n",
       "      <td>44.147</td>\n",
       "    </tr>\n",
       "    <tr>\n",
       "      <th>0.4861</th>\n",
       "      <td>400</td>\n",
       "      <td>6.960</td>\n",
       "      <td>-1001.2</td>\n",
       "      <td>44.323</td>\n",
       "    </tr>\n",
       "    <tr>\n",
       "      <th>0.5300</th>\n",
       "      <td>410</td>\n",
       "      <td>6.958</td>\n",
       "      <td>-931.6</td>\n",
       "      <td>44.495</td>\n",
       "    </tr>\n",
       "    <tr>\n",
       "      <th>0.5767</th>\n",
       "      <td>420</td>\n",
       "      <td>6.956</td>\n",
       "      <td>-862.0</td>\n",
       "      <td>44.663</td>\n",
       "    </tr>\n",
       "    <tr>\n",
       "      <th>0.6262</th>\n",
       "      <td>430</td>\n",
       "      <td>6.955</td>\n",
       "      <td>-792.5</td>\n",
       "      <td>44.826</td>\n",
       "    </tr>\n",
       "    <tr>\n",
       "      <th>...</th>\n",
       "      <td>...</td>\n",
       "      <td>...</td>\n",
       "      <td>...</td>\n",
       "      <td>...</td>\n",
       "    </tr>\n",
       "    <tr>\n",
       "      <th>7511.0000</th>\n",
       "      <td>4820</td>\n",
       "      <td>8.884</td>\n",
       "      <td>35005.6</td>\n",
       "      <td>63.490</td>\n",
       "    </tr>\n",
       "    <tr>\n",
       "      <th>7652.0000</th>\n",
       "      <td>4840</td>\n",
       "      <td>8.887</td>\n",
       "      <td>35183.4</td>\n",
       "      <td>63.527</td>\n",
       "    </tr>\n",
       "    <tr>\n",
       "      <th>7794.0000</th>\n",
       "      <td>4860</td>\n",
       "      <td>8.889</td>\n",
       "      <td>35361.1</td>\n",
       "      <td>63.564</td>\n",
       "    </tr>\n",
       "    <tr>\n",
       "      <th>7939.0000</th>\n",
       "      <td>4880</td>\n",
       "      <td>8.892</td>\n",
       "      <td>35538.9</td>\n",
       "      <td>63.600</td>\n",
       "    </tr>\n",
       "    <tr>\n",
       "      <th>8085.0000</th>\n",
       "      <td>4900</td>\n",
       "      <td>8.895</td>\n",
       "      <td>35716.8</td>\n",
       "      <td>63.637</td>\n",
       "    </tr>\n",
       "  </tbody>\n",
       "</table>\n",
       "<p>242 rows × 4 columns</p>\n",
       "</div>"
      ],
      "text/plain": [
       "           Temperatura(R)  Cp(Btu/mol*R)  h(Btu/mol)  s(Btu/mol*R)\n",
       "Pr                                                                \n",
       "0.4449                390          6.963     -1070.8        44.147\n",
       "0.4861                400          6.960     -1001.2        44.323\n",
       "0.5300                410          6.958      -931.6        44.495\n",
       "0.5767                420          6.956      -862.0        44.663\n",
       "0.6262                430          6.955      -792.5        44.826\n",
       "...                   ...            ...         ...           ...\n",
       "7511.0000            4820          8.884     35005.6        63.490\n",
       "7652.0000            4840          8.887     35183.4        63.527\n",
       "7794.0000            4860          8.889     35361.1        63.564\n",
       "7939.0000            4880          8.892     35538.9        63.600\n",
       "8085.0000            4900          8.895     35716.8        63.637\n",
       "\n",
       "[242 rows x 4 columns]"
      ]
     },
     "execution_count": 9,
     "metadata": {},
     "output_type": "execute_result"
    }
   ],
   "source": [
    "#Cambiar la columna indice ahora a Pr\n",
    "aireINGpr=aireING.set_index('Pr')\n",
    "aireSIpr=aireSI.set_index('Pr')\n",
    "aireINGpr"
   ]
  },
  {
   "cell_type": "code",
   "execution_count": 10,
   "id": "02142640",
   "metadata": {},
   "outputs": [],
   "source": [
    "#Diccionarios y listas globales para cambiar string de mol a lb o kg\n",
    "dictLb={\"Cp(Btu/mol*R)\":\"Cp(Btu/lb*R)\",\"h(Btu/mol)\":\"h(Btu/lb)\",\"s(Btu/mol*R)\":\"s(Btu/lb*R)\"} #La masa son libras para sistemaIn\n",
    "dictGr={'Cp(kJ/kmol*K)':\"Cp(kJ/kg*K)\", 'h(kJ/kmol)':\"h(kJ/kg)\", 's(kJ/kmol*K)':\"s(kJ/kg*K)\"} #La masa son gramos\n",
    "listConvLb=[\"Cp(Btu/mol*R)\",\"h(Btu/mol)\",\"s(Btu/mol*R)\"] #Columnas que conllevan el valor mol y cambiaran el valor al convertir\n",
    "listConvGr=['Cp(kJ/kmol*K)', 'h(kJ/kmol)', 's(kJ/kmol*K)']"
   ]
  },
  {
   "cell_type": "markdown",
   "id": "0a228a7c",
   "metadata": {},
   "source": [
    "## CONVERSIÓN DE UNIDADES ---------------------------------------------------------------------------------------"
   ]
  },
  {
   "cell_type": "code",
   "execution_count": 11,
   "id": "92435e93",
   "metadata": {},
   "outputs": [],
   "source": [
    "#u=pint.UnitRegistry() #Registrará las unidades \n",
    "#Q=u.Quantity #Cantidades\n",
    "#aireSecoMolSI=28.9647*u('g/mol') #1 mol de aire seco equivale a 28.9647gramos\n",
    "#aireSecoMolING=28.9647*u('lb/mol') #1 mol de aire seco equivale a 28.9647libras\n",
    "#u.default_format = \"~P\" #Para que se vean las unidades \"pretty\"\n",
    "aireSecoMol=28.9647"
   ]
  },
  {
   "cell_type": "markdown",
   "id": "ab85141b",
   "metadata": {},
   "source": [
    "## FIN DE CONVERSIÓN DE UNIDADES -----------------------------------------------------------------------------"
   ]
  },
  {
   "cell_type": "markdown",
   "id": "f0220812",
   "metadata": {},
   "source": [
    "## FUNCIONES RAÍZ -------------------------------------------------------------------------------------------------------\n",
    "Funciones raíz son las funciones que son independientes, pero muy importantes para las demás funciones complemento"
   ]
  },
  {
   "cell_type": "code",
   "execution_count": 12,
   "id": "438068a1",
   "metadata": {},
   "outputs": [],
   "source": [
    "#Definir función que me permita obtener indices anterior y posterior al valor ingresado\n",
    "def IndexCercanos (val,df):\n",
    "    \"\"\"Definir función que me permita obtener indices anterior y posterior al valor ingresado\n",
    "    val = valor anterior y posterior a buscar en el indice\n",
    "    df = Nombre de la tabla a buscar\"\"\"\n",
    "    \n",
    "    if val not in df.index: #Buscara si el valor no está en el dataframe\n",
    "        indexCercan1=df.index.get_indexer([val],method='ffill') #Valor anterior\n",
    "        indexCercan2=df.index.get_indexer([val],method='bfill') #Valor posterior\n",
    "        indexCercano=np.append(indexCercan1,[indexCercan2,indexCercan2+1]) #+1 porque cuando el nuevo valor de temperatura se agregue, obtendra el valor de indexCercanos2\n",
    "    else: #Si el valor se encuentra en el index\n",
    "        indexCercan1=df.index.get_indexer([val]) #Array con posición exacta del index\n",
    "        indexCercano=np.append(indexCercan1,[indexCercan1-1,indexCercan1+1]) #Array con un valor menos y un valor más\n",
    "        indexCercano=np.sort(indexCercano) #Organizar array\n",
    "    return indexCercano\n",
    "    "
   ]
  },
  {
   "cell_type": "code",
   "execution_count": 13,
   "id": "9774695c",
   "metadata": {},
   "outputs": [],
   "source": [
    "#Definir función que me permita llamar alguna tabla termodinamica con el indice deseado\n",
    "def TablaTermodinamica(nombreTabla,n,cp=0):\n",
    "    \"\"\"Función que me permite usar en cualquier función que se dedique a encontrar valores termodinámicos\n",
    "    nombreTabla=Nombre de la tabla a llamar\n",
    "    n=propiedad extensiva PE. temperatura, entalpia, entropia, Pr PERO NO CP ya que no es monotonica\n",
    "    cp=0 P.E cp=1 hace que se adapte para las cp\n",
    "    mass='mol' por defecto\n",
    "    mass='lb'\n",
    "    mass='kg'\"\"\"\n",
    "    \n",
    "\n",
    "    #tablasMol=np.array(['Temperatura(R)', 'Cp(Btu/mol*R)', 'h(Btu/mol)', 's(Btu/mol*R)', 'Pr'])\n",
